#### Info's zum GleisBild hier für den Garten####
BILD  070 030
ZEIT  080 // 800 msec Verzögerung Melder aus
PLAN  005 // Pläne Anzahl
##Nr Type   X1  Y1 ## Weiche Type & Grup.##| Text    | Ei0 Au0 Ei1 Au1
001 Weiche 026 002 U WEICH__R 2 Gruppe 000 | 026 003 | 000 000 000 000
002 Weiche 026 004 U WEICH__L 2 Gruppe 000 | 026 005 | 000 000 000 000
003 Weiche 027 006 U WEICH__L 2 Gruppe 000 | 027 007 | 000 000 000 000
004 Weiche 028 008 U WEICH__L 2 Gruppe 000 | 028 009 | 000 000 000 000
005 Weiche 026 021 O WEICH__R 2 Gruppe 000 | 026 020 | 000 000 000 000
006 Weiche 026 023 O WEICH__L 2 Gruppe 000 | 026 022 | 000 000 000 000
007 Weiche 029 027 L WEICH__R 2 Gruppe 000 | 028 027 | 000 000 000 000
008 Weiche 031 024 O WEICH__L 2 Gruppe 000 | 031 023 | 000 000 000 000
009 Weiche 034 025 R WEICH__R 2 Gruppe 000 | 035 025 | 000 000 000 000
010 Weiche 038 027 L WEICH__R 2 Gruppe 000 | 037 027 | 000 000 000 000
011 Weiche 038 027 R WEICH__R 2 Gruppe 000 | 039 027 | 000 000 000 000
012 Weiche 055 029 R WEICH__L 2 Gruppe 000 | 056 029 | 034 022 013 022
013 Weiche 059 027 L WEICH__L 2 Gruppe 000 | 058 027 | 014 023 014 012
014 Weiche 059 027 R WEICH__L 2 Gruppe 000 | 060 027 | 035 013 015 013 
015 Weiche 063 025 L WEICH__L 2 Gruppe 000 | 062 025 | 036 024 036 014
016 Weiche 070 006 U WEICH__R 2 Gruppe 000 | 070 007 | 000 000 000 000
017 Weiche 067 010 U WEICH__R 2 Gruppe 000 | 067 011 | 000 000 000 000
018 Weiche 018 027 L WEICH__R 2 Gruppe 000 | 017 027 | 000 000 000 000
019 Weiche 016 026 L WEICH__R 2 Gruppe 000 | 015 026 | 000 000 000 000
020 Weiche 014 025 L WEICH__R 2 Gruppe 000 | 013 025 | 000 000 000 000
021 Weiche 001 027 R WEICH__L 2 Gruppe 000 | 001 027 | 000 000 000 000
022 Gleis  040 028 041 029 050 029 055 029 | 043 029 | 012 011 014 024 |                         |U
023 Gleis  040 027 044 027 056 027 057 027 | 043 027 | 000 000 000 000 |                         |U
024 Gleis  036 025 040 025 056 025 061 025 | 043 025 | 000 000 000 000 |                         |U
025 Gleis  025 004 025 005 025 020 025 021 | 025 008 | 000 000 000 000 |                         |U
026 Gleis  029 010 029 012 029 021 030 022 | 029 010 | 000 000 000 000 |                         |U
027 Gleis  069 008 069 008 069 022 069 022 | 069 012 | 000 000 000 000 |                         |U
028 Block  026 006 026 010 026 017 026 019 | 026 006 | 000 000 000 000 |                         |U
029 Block  027 008 027 011 027 016 027 019 | 027 008 | 000 000 000 000 |                         |U
030 Block  028 010 028 011 028 021 028 021 | 028 010 | 000 000 000 000 |                         |U
031 Block  026 022 026 024 026 025 027 026 | 026 022 | 000 000 000 000 |                         |U
032 Block  029 027 029 027 036 027 036 027 | 031 027 | 000 000 000 000 |                         |U
033 Block  031 024 032 025 034 025 034 025 | 033 024 | 000 000 000 000 |                         |U
034 Block  057 029 068 029 070 027 070 008 | 068 029 | 000 000 000 000 |                         |U
035 Block  061 027 068 027 069 026 069 022 | 068 027 | 000 000 000 000 |                         |U
036 Block  063 025 064 025 066 023 066 012 | 066 016 | 000 000 000 000 |                         |U
037 Block  070 006 070 002 069 001 046 001 | 066 001 | 000 000 000 000 |                         |U
038 Block  046 001 027 001 027 001 026 002 | 035 001 | 000 000 000 000 |                         |U
039 Block  067 010 067 009 065 007 041 007 | 051 007 | 000 000 000 000 |                         |U
040 Block  041 007 033 007 031 009 031 022 | 035 007 | 000 000 000 000 |                         |U
041 Block  067 012 067 014 067 018 067 020 | 067 016 | 000 000 000 000 |                         |U
042 Block  018 027 019 027 025 027 027 027 | 022 027 | 000 000 000 000 |                         |U
## Taster ################################################
001 Taster 027 001 002 003 004 005 006 000 000 A 001
002 Taster 025 007 001 000 000 000 000 000 000 B 001
003 Taster 026 007 001 000 000 000 000 000 000 B 001
004 Taster 027 011 001 000 000 000 000 000 000 B 001
005 Taster 028 011 001 000 000 000 000 000 000 B 001
006 Taster 029 011 001 000 000 000 000 000 000 B 001
007 Taster 025 018 010 000 000 000 000 000 000 A 002
008 Taster 026 018 010 000 000 000 000 000 000 A 002
009 Taster 027 018 010 000 000 000 000 000 000 A 002
010 Taster 026 024 007 008 009 000 000 000 000 B 002
011 Taster 029 021 013 000 000 000 000 000 000 A 003
012 Taster 031 021 013 000 000 000 000 000 000 A 003
013 Taster 031 024 011 012 000 000 000 000 000 B 003
014 Taster 026 025 016 000 000 000 000 000 000 A 004
015 Taster 026 027 016 000 000 000 000 000 000 A 004
016 Taster 030 027 014 015 000 000 000 000 000 B 004
017 Taster 033 025 019 020 021 000 000 000 000 A 005
018 Taster 033 027 020 021 000 000 000 000 000 A 005
019 Taster 039 025 017 000 000 000 000 000 000 B 005
020 Taster 040 027 018 017 000 000 000 000 000 B 005
021 Taster 041 029 017 018 000 000 000 000 000 B 005
022 Taster 060 025 025 000 000 000 000 000 000 A 006
023 Taster 056 027 025 026 000 000 000 000 000 A 006
024 Taster 055 029 025 026 025 027 000 000 000 A 006
025 Taster 064 025 022 023 024 000 000 000 000 B 006
026 Taster 062 027 023 024 000 000 000 000 000 B 006
027 Taster 058 029 024 000 000 000 000 000 000 B 006
028 Taster 066 013 030 000 000 000 000 000 000 A 007
029 Taster 067 013 030 000 000 000 000 000 000 A 007
030 Taster 067 009 028 029 000 000 000 000 000 B 007
031 Taster 069 009 033 000 000 000 000 000 000 A 008
032 Taster 070 009 033 000 000 000 000 000 000 A 008
033 Taster 070 005 031 032 000 000 000 000 000 B 008
## Melder ###### positiv im Uhrzeigersinn
000 Melder 041 003 U 008 007 | 0
001 Melder 047 008 R 009 008 | 0 
002 Melder 042 013 D 001 003 | 0
003 Melder 040 013 D 001 004 | 0
004 Melder 040 012 U 003 002 | 0
005 Melder 019 012 U 004 002 | 0
006 Melder 042 013 D 002 009 | 0
007 Melder 047 008 R 009 008 | 0
008 Melder 010 003 U 008 007 | 0
009 Melder 005 008 R 007 006 | 0
010 Melder 012 013 U 009 008 | 0
011 Melder 019 013 D 000 000 | 0
012 Melder 014 012 U 001 004 | 0
013 Melder 014 013 D 001 003 | 0
014 Melder 001 005 D 000 000 | 0
015 Melder 001 006 D 000 000 | 0
## ZugPos ##-########
Feuerwehr Lok   |1|022 Zug gegen Uhrzei.
Spreewald       |0|004 Zug in Uhrzeiger
Niki & Frank S  |0|000
996001          |0|000	
992015          |0|000
grüne Stainz    |0|000
rote Stainz     |0|000
weiße Stainz    |0|000
995001          |0|000
Schöma Putzer   |0|000
gelbe Köf       |0|000
## Ende ####-######## 
