011
### Meine Zug Data for TrainSetup  ###
######################################
### Die Daten der Lok Nr : 00 ###
===============================================
Lok Na: grüne Stainz
Lok Nr: 
===============================================
Dectype:  0  0  0 
===============================================
Fuk CV: 033 11 |                         Licht|F0 vor
Fuk CV: 034 11 |                     Steckdose|F0 rück
Fuk CV: 035 11 |                   Licht innen|F01
Fuk CV: 036 11 |                        Hacken|F02
Fuk CV: 037 11 |                         Dampf|F03
Fuk CV: 038 11 |                  keinen Aux 7|F04
Fuk CV: 039 11 |                              |F05
Fuk CV: 040 11 |                              |F06
Fuk CV: 041 11 |                              |F07
Fuk CV: 042 11 |                              |F08
Fuk CV: 043 11 |                              |F09
Fuk CV: 044 11 |                              |F10
Fuk CV: 045 11 |                              |F11
Fuk CV: 046 11 |                              |F12
===============================================
011 011 005 016 008 180 006 018
062 000 010 011 000 000 014 001
016 192 255 000 020 021 022 023
024 025 026 000 028 014 030 031
032 001 002 004 008 000 000 016
032 000 000 000 000 000 000 008
000 073 030 045 050 000 000 000
003 000 000 000 050 000 255 255
255 000 066 000 006 012 018 024
030 036 042 048 054 060 066 072
078 084 090 096 102 108 114 120
126 132 138 144 150 156 162 095
096 097 098 099 100 101 102 103
104 105 106 107 108 109 110 111
200 016 114 000 000 117 255 255
255 000 000 000 001 125 000 127
128 129 130 131 132 133 134 135
136 137 138 139 140 141 142 143
144 145 146 147 148 149 150 151
152 153 154 155 156 157 158 159
160 161 162 163 164 165 166 167
168 169 170 171 172 173 174 175
176 177 178 179 180 181 182 183
184 185 186 187 188 189 190 191
192 193 194 195 196 197 198 199
200 201 202 203 204 205 206 207
208 209 210 211 212 213 214 215
216 217 218 219 220 221 222 223
224 225 226 227 228 229 230 231
232 233 234 235 236 237 238 239
240 241 242 243 244 245 246 247
248 249 250 251 252 253 254 255
######################################
### Die Daten der Lok Nr : 01 ###
===============================================
Lok Na: rote Stainz
Lok Nr: 
===============================================
Dectype:  0  0  0 
===============================================
Fuk CV: 033 11 |                         Licht|F0 vor
Fuk CV: 034 11 |                     Steckdose|F0 rück
Fuk CV: 035 11 |                   Licht innen|F01
Fuk CV: 036 11 |                        Hacken|F02
Fuk CV: 037 11 |                         Dampf|F03
Fuk CV: 038 11 |                  keinen Aux 7|F04
Fuk CV: 039 11 |                              |F05
Fuk CV: 040 11 |                              |F06
Fuk CV: 041 11 |                              |F07
Fuk CV: 042 11 |                              |F08
Fuk CV: 043 11 |                              |F09
Fuk CV: 044 11 |                              |F10
Fuk CV: 045 11 |                              |F11
Fuk CV: 046 11 |                              |F12
===============================================
000 012 005 016 008 180 006 012
062 000 010 011 000 000 014 015
016 192 255 000 020 021 022 023
024 025 026 000 028 014 030 031
032 001 002 004 008 000 000 016
032 000 000 000 000 000 000 008
000 073 023 045 050 000 000 000
003 000 000 000 050 000 255 255
255 000 066 000 006 012 018 024
030 036 042 048 054 060 066 072
078 084 090 096 102 108 114 120
126 132 138 144 150 156 162 095
096 097 098 099 100 101 102 103
104 105 106 107 108 109 110 111
200 016 114 000 000 117 255 255
255 000 000 000 001 125 000 127
128 129 130 131 132 133 134 135
136 137 138 139 140 141 142 143
144 145 146 147 148 149 150 151
152 153 154 155 156 157 158 159
160 161 162 163 164 165 166 167
168 169 170 171 172 173 174 175
176 177 178 179 180 181 182 183
184 185 186 187 188 189 190 191
192 193 194 195 196 197 198 199
200 201 202 203 204 205 206 207
208 209 210 211 212 213 214 215
216 217 218 219 220 221 222 223
224 225 226 227 228 229 230 231
232 233 234 235 236 237 238 239
240 241 242 243 244 245 246 247
248 249 250 251 252 253 254 255
######################################
### Die Daten der Lok Nr : 02 ###
===============================================
Lok Na: weiße Stainz
Lok Nr: 
===============================================
Dectype:  0  0  0 
===============================================
Fuk CV: 033 11 |                         Licht|F0 vor
Fuk CV: 034 11 |                     Steckdose|F0 rück
Fuk CV: 035 11 |                   Licht innen|F01
Fuk CV: 036 11 |                        Hacken|F02
Fuk CV: 037 11 |                         Dampf|F03
Fuk CV: 038 11 |                  keinen Aux 7|F04
Fuk CV: 039 11 |                              |F05
Fuk CV: 040 11 |                              |F06
Fuk CV: 041 11 |                              |F07
Fuk CV: 042 11 |                              |F08
Fuk CV: 043 11 |                              |F09
Fuk CV: 044 11 |                              |F10
Fuk CV: 045 11 |                              |F11
Fuk CV: 046 11 |                              |F12
===============================================
000 013 005 016 008 180 006 018
062 000 010 011 000 000 014 015
016 192 255 000 020 021 022 023
024 025 026 000 028 014 030 031
032 001 002 004 008 000 000 016
032 000 000 000 000 000 000 008
006 073 030 045 050 000 000 000
003 000 000 000 080 000 255 255
255 010 066 000 006 012 018 024
030 036 255 048 054 060 066 072
078 084 090 096 102 108 114 120
126 132 138 144 150 156 162 095
096 097 098 099 100 101 102 103
104 105 106 107 108 109 110 111
200 016 114 000 000 117 255 255
255 000 000 000 001 125 000 127
128 129 130 131 132 133 134 135
136 137 138 139 140 141 142 143
144 145 146 147 148 149 150 151
152 153 154 155 156 157 158 159
160 161 162 163 164 165 166 167
168 169 170 171 172 173 174 175
176 177 178 179 180 181 182 183
184 185 186 187 188 189 190 191
192 193 194 195 196 197 198 199
200 201 202 203 204 205 206 207
208 209 210 211 212 213 214 215
216 217 218 219 220 221 222 223
224 225 226 227 228 229 230 231
232 233 234 235 236 237 238 239
240 241 242 243 244 245 246 247
248 249 250 251 252 253 254 255
######################################
### Die Daten der Lok Nr : 03 ###
===============================================
Lok Na: 996001
Lok Nr: 
===============================================
Dectype:  1  2  0 
===============================================
Fuk CV: 054 11 |                         Licht|AUX_1
Fuk CV: 056 11 |                        Hacken|AUX_2
Fuk CV: 113 11 |                     Ausgang 2|AUX_3
Fuk CV: 115 11 |                     Ausgang 3|AUX_4
Fuk CV: 117 11 |                     Ausgang 4|AUX_5
Fuk CV: 119 11 |                     Ausgang 5|AUX_6
Fuk CV: 121 11 |                     Ausgang 6|AUX_7
Fuk CV: 123 11 |                     Ausgang 7|AUX_8
Fuk CV: 131 11 |                     Ausgang 8|Sound_1
Fuk CV: 132 11 |                        Pfeife|Sound_2
Fuk CV: 133 11 |                        Bremse|Sound_3
Fuk CV: 134 11 |                        Glocke|Sound_4
Fuk CV: 135 11 |                Ansage Bahnhof|Sound_5
Fuk CV: 136 11 |             Luftpumpe schnell|Sound_6
Fuk CV: 137 11 |                     Generator|Sound_7
Fuk CV: 138 11 |                   Wasserpumpe|Sound_8
Fuk CV: 139 11 |               Kohlenschaufeln|Sound_9
Fuk CV: 140 11 |                 Ansage Waggon|Sound_10
Fuk CV: 141 11 |             Luftpumpe langsam|Sound_11
Fuk CV: 142 11 |                     Läutewerk|Sound_12
Fuk CV: 059 11 |                  Anfahrsignal|Rangiergang
Fuk CV: 064 11 |                   Rangiergang|Verzögerungs an/aus
Fuk CV: 147 11 |        Schaltbare Verzögerung|Sound an/aus
Fuk CV: 148 11 |                Sound an / aus|Zylindergeräusch
===============================================
000 001 002 003 004 005 006 007
008 009 010 011 012 013 014 015
016 017 018 019 020 021 022 023
024 025 026 027 028 029 030 031
032 033 034 035 036 037 038 039
040 041 042 043 044 045 046 047
048 049 050 051 052 053 054 055
056 057 058 059 060 061 062 063
064 065 066 067 068 069 070 071
072 073 074 075 076 077 078 079
080 081 082 083 084 085 086 087
088 089 090 091 092 093 094 095
096 097 098 099 100 101 102 103
104 105 106 107 108 109 110 111
112 113 114 115 116 117 118 119
120 121 122 123 124 125 126 127
128 129 130 131 132 133 134 135
136 137 138 139 140 141 142 143
144 145 146 147 148 149 150 151
152 153 154 155 156 157 158 159
160 161 162 163 164 165 166 167
168 169 170 171 172 173 174 175
176 177 178 179 180 181 182 183
184 185 186 187 188 189 190 191
192 193 194 195 196 197 198 199
200 201 202 203 204 205 206 207
208 209 210 211 212 213 214 215
216 217 218 219 220 221 222 223
224 225 226 227 228 229 230 231
232 233 234 235 236 237 238 239
240 241 242 243 244 245 246 247
248 249 250 251 252 253 254 255
######################################
### Die Daten der Lok Nr : 04 ###
===============================================
Lok Na: Spreewald
Lok Nr: 
===============================================
Dectype:  1  2  0 
===============================================
Fuk CV: 054 11 |                   Innen Licht|AUX_1
Fuk CV: 056 11 |                     Steckdose|AUX_2
Fuk CV: 113 11 |                        Hacken|AUX_3
Fuk CV: 115 11 |           Dampf / Kesselfeuer|AUX_4
Fuk CV: 117 01 |                              |AUX_5
Fuk CV: 119 01 |                              |AUX_6
Fuk CV: 121 01 |                              |AUX_7
Fuk CV: 123 01 |                              |AUX_8
Fuk CV: 131 11 |                        Pfeife|Sound_1
Fuk CV: 132 11 |                        Bremse|Sound_2
Fuk CV: 133 11 |                        Glocke|Sound_3
Fuk CV: 134 11 |               Ansage, Bahnhof|Sound_4
Fuk CV: 135 11 |             Luftpumpe schnell|Sound_5
Fuk CV: 136 11 |                     Generator|Sound_6
Fuk CV: 137 11 |                   Wasserpumpe|Sound_7
Fuk CV: 138 11 |               Kohlenschaufeln|Sound_8
Fuk CV: 139 11 |                   Hilfsbläser|Sound_9
Fuk CV: 140 11 |             Luftpumpe langsam|Sound_10
Fuk CV: 141 11 |                Kohle befüllen|Sound_11
Fuk CV: 142 11 |  Anfahrsignal (kurz  Pfeifen)|Sound_12
Fuk CV: 059 11 |                   Rangiergang|Rangiergang
Fuk CV: 064 11 |  Abschaltbar Verzögerungszeit|Verzögerungs an/aus
Fuk CV: 147 11 |              Geräusche an/aus|Sound an/aus
Fuk CV: 148 11 |  Zylindernebengeräusch an/aus|Zylindergeräusch
===============================================
000 015 001 003 003 200 050 040
123 000 010 011 012 003 014 148
148 000 128 000 020 021 022 023
024 025 026 027 028 002 030 031
032 033 034 035 036 000 000 000
000 000 000 000 000 045 046 010
080 002 032 128 064 032 005 000
028 000 000 008 002 020 255 063
016 065 066 006 008 010 013 016
019 022 026 031 036 042 048 054
060 068 076 084 092 102 112 124
136 152 168 188 208 228 232 095
096 097 098 099 100 101 102 103
104 105 106 039 255 109 110 111
000 003 000 004 000 028 000 028
000 028 122 028 000 016 032 001
128 000 000 001 015 007 003 009
012 011 010 013 014 004 000 143
144 145 146 006 005 102 000 000
000 002 000 155 002 000 000 000
000 000 000 163 164 165 166 001
030 020 000 005 008 007 006 003
000 000 001 003 000 000 000 183
000 000 000 000 012 012 001 003
002 002 002 001 000 008 032 199
063 003 002 003 001 001 001 003
003 002 003 001 003 213 214 215
216 003 001 003 003 000 000 000
003 225 226 227 228 000 000 000
000 000 000 000 255 237 238 239
240 241 242 243 244 245 246 247
248 249 250 251 252 253 254 148
######################################
### Die Daten der Lok Nr : 05 ###
===============================================
Lok Na: Niki & Frank S
Lok Nr: 
===============================================
Dectype:  1  2  0 
===============================================
Fuk CV: 054 11 |                              |AUX_1
Fuk CV: 056 11 |                              |AUX_2
Fuk CV: 113 11 |                              |AUX_3
Fuk CV: 115 11 |                              |AUX_4
Fuk CV: 117 11 |                              |AUX_5
Fuk CV: 119 11 |                              |AUX_6
Fuk CV: 121 11 |                              |AUX_7
Fuk CV: 123 11 |                              |AUX_8
Fuk CV: 131 11 |                              |Sound_1
Fuk CV: 132 11 |                              |Sound_2
Fuk CV: 133 11 |                              |Sound_3
Fuk CV: 134 11 |                              |Sound_4
Fuk CV: 135 11 |                              |Sound_5
Fuk CV: 136 11 |                              |Sound_6
Fuk CV: 137 11 |                              |Sound_7
Fuk CV: 138 11 |                              |Sound_8
Fuk CV: 139 11 |                              |Sound_9
Fuk CV: 140 11 |                              |Sound_10
Fuk CV: 141 11 |                              |Sound_11
Fuk CV: 142 11 |                              |Sound_12
Fuk CV: 059 11 |                              |Rangiergang
Fuk CV: 064 11 |                              |Verzögerungs an/aus
Fuk CV: 147 11 |                              |Sound an/aus
Fuk CV: 148 11 |                              |Zylindergeräusch
===============================================
000 001 002 003 004 005 006 007
008 009 010 011 012 013 014 015
016 017 018 019 020 021 022 023
024 025 026 027 028 029 030 031
032 033 034 035 036 037 038 039
040 041 042 043 044 045 046 047
048 049 050 051 052 053 054 055
056 057 058 059 060 061 062 063
064 065 066 067 068 069 070 071
072 073 074 075 076 077 078 079
080 081 082 083 084 085 086 087
088 089 090 091 092 093 094 095
096 097 098 099 100 101 102 103
104 105 106 107 108 109 110 111
112 113 114 115 116 117 118 119
120 121 122 123 124 125 126 127
128 129 130 131 132 133 134 135
136 137 138 139 140 141 142 143
144 145 146 147 148 149 150 151
152 153 154 155 156 157 158 159
160 161 162 163 164 165 166 167
168 169 170 171 172 173 174 175
176 177 178 179 180 181 182 183
184 185 186 187 188 189 190 191
192 193 194 195 196 197 198 199
200 201 202 203 204 205 206 207
208 209 210 211 212 213 214 215
216 217 218 219 220 221 222 223
224 225 226 227 228 229 230 231
232 233 234 235 236 237 238 239
240 241 242 243 244 245 246 247
248 249 250 251 252 253 254 255
######################################
### Die Daten der Lok Nr : 06 ###
===============================================
Lok Na: 995001
Lok Nr: 
===============================================
Dectype:  1  2  1 
===============================================
Fuk CV: 054 11 |                              |AUX_1
Fuk CV: 056 11 |                              |AUX_2
Fuk CV: 113 11 |                              |AUX_3
Fuk CV: 115 11 |                              |AUX_4
Fuk CV: 117 11 |                              |AUX_5
Fuk CV: 119 11 |                              |AUX_6
Fuk CV: 121 11 |                              |AUX_7
Fuk CV: 123 11 |                              |AUX_8
Fuk CV: 131 11 |                              |Sound_1
Fuk CV: 132 11 |                              |Sound_2
Fuk CV: 133 11 |                              |Sound_3
Fuk CV: 134 11 |                              |Sound_4
Fuk CV: 135 11 |                              |Sound_5
Fuk CV: 136 11 |                              |Sound_6
Fuk CV: 137 11 |                              |Sound_7
Fuk CV: 138 11 |                              |Sound_8
Fuk CV: 139 11 |                              |Sound_9
Fuk CV: 140 11 |                              |Sound_10
Fuk CV: 141 11 |                              |Sound_11
Fuk CV: 142 11 |                              |Sound_12
Fuk CV: 059 11 |                              |Rangiergang
Fuk CV: 064 11 |                              |Verzögerungs an/aus
Fuk CV: 147 11 |                              |Sound an/aus
Fuk CV: 148 11 |                              |Zylindergeräusch
===============================================
000 001 002 003 004 005 006 007
008 009 010 011 012 013 014 015
016 017 018 019 020 021 022 023
024 025 026 027 028 029 030 031
032 033 034 035 036 037 038 039
040 041 042 043 044 045 046 047
048 049 050 051 052 053 054 055
056 057 058 059 060 061 062 063
064 065 066 067 068 069 070 071
072 073 074 075 076 077 078 079
080 081 082 083 084 085 086 087
088 089 090 091 092 093 094 095
096 097 098 099 100 101 102 103
104 105 106 107 108 109 110 111
112 113 114 115 116 117 118 119
120 121 122 123 124 125 126 127
128 129 130 131 132 133 134 135
136 137 138 139 140 141 142 143
144 145 146 147 148 149 150 151
152 153 154 155 156 157 158 159
160 161 162 163 164 165 166 167
168 169 170 171 172 173 174 175
176 177 178 179 180 181 182 183
184 185 186 187 188 189 190 191
192 193 194 195 196 197 198 199
200 201 202 203 204 205 206 207
208 209 210 211 212 213 214 215
216 217 218 219 220 221 222 223
224 225 226 227 228 229 230 231
232 233 234 235 236 237 238 239
240 241 242 243 244 245 246 247
248 249 250 251 252 253 254 255
######################################
### Die Daten der Lok Nr : 07 ###
===============================================
Lok Na: 992015
Lok Nr: 
===============================================
Dectype:  1  2  1 
===============================================
Fuk CV: 054 11 |                              |AUX_1
Fuk CV: 056 11 |                              |AUX_2
Fuk CV: 113 11 |                              |AUX_3
Fuk CV: 115 11 |                              |AUX_4
Fuk CV: 117 11 |                              |AUX_5
Fuk CV: 119 11 |                              |AUX_6
Fuk CV: 121 11 |                              |AUX_7
Fuk CV: 123 11 |                              |AUX_8
Fuk CV: 131 11 |                              |Sound_1
Fuk CV: 132 11 |                              |Sound_2
Fuk CV: 133 11 |                              |Sound_3
Fuk CV: 134 11 |                              |Sound_4
Fuk CV: 135 11 |                              |Sound_5
Fuk CV: 136 11 |                              |Sound_6
Fuk CV: 137 11 |                              |Sound_7
Fuk CV: 138 11 |                              |Sound_8
Fuk CV: 139 11 |                              |Sound_9
Fuk CV: 140 11 |                              |Sound_10
Fuk CV: 141 11 |                              |Sound_11
Fuk CV: 142 11 |                              |Sound_12
Fuk CV: 059 11 |                              |Rangiergang
Fuk CV: 064 11 |                              |Verzögerungs an/aus
Fuk CV: 147 11 |                              |Sound an/aus
Fuk CV: 148 11 |                              |Zylindergeräusch
===============================================
000 001 002 003 004 005 006 007
008 009 010 011 012 013 014 015
016 017 018 019 020 021 022 023
024 025 026 027 028 029 030 031
032 033 034 035 036 037 038 039
040 041 042 043 044 045 046 047
048 049 050 051 052 053 054 055
056 057 058 059 060 061 062 063
064 065 066 067 068 069 070 071
072 073 074 075 076 077 078 079
080 081 082 083 084 085 086 087
088 089 090 091 092 093 094 095
096 097 098 099 100 101 102 103
104 105 106 107 108 109 110 111
112 113 114 115 116 117 118 119
120 121 122 123 124 125 126 127
128 129 130 131 132 133 134 135
136 137 138 139 140 141 142 143
144 145 146 147 148 149 150 151
152 153 154 155 156 157 158 159
160 161 162 163 164 165 166 167
168 169 170 171 172 173 174 175
176 177 178 179 180 181 182 183
184 185 186 187 188 189 190 191
192 193 194 195 196 197 198 199
200 201 202 203 204 205 206 207
208 209 210 211 212 213 214 215
216 217 218 219 220 221 222 223
224 225 226 227 228 229 230 231
232 233 234 235 236 237 238 239
240 241 242 243 244 245 246 247
248 249 250 251 252 253 254 255
######################################
### Die Daten der Lok Nr : 08 ###
===============================================
Lok Na: Schöma Putzer
Lok Nr: 
===============================================
Dectype:  1  1  0 
===============================================
Fuk CV: 054 11 |                              |AUX_1
Fuk CV: 056 11 |                              |AUX_2
Fuk CV: 113 11 |                              |AUX_3
Fuk CV: 115 11 |                              |AUX_4
Fuk CV: 117 11 |                              |AUX_5
Fuk CV: 119 11 |                              |AUX_6
Fuk CV: 059 11 |                              |Rangiergang
Fuk CV: 064 11 |                              |Verzögerungs an/aus
===============================================
000 016 002 003 003 255 064 255
123 000 010 011 012 000 014 000
000 000 128 000 020 021 022 023
024 025 026 027 028 004 030 031
032 033 034 035 036 000 000 000
000 041 042 043 044 045 046 047
048 049 032 128 064 032 001 000
002 000 000 008 002 032 255 053
007 065 066 006 008 010 013 016
019 022 026 031 036 042 048 054
060 068 076 084 092 102 112 124
136 152 168 188 208 228 232 095
096 097 098 099 100 101 102 103
104 105 106 107 108 109 110 111
032 003 000 004 000 005 000 006
000 000 016 032 124 125 126 001
000 129 130 131 132 133 134 135
136 137 138 139 140 141 142 143
144 145 146 147 148 149 150 151
152 153 154 155 156 157 158 159
160 161 162 163 164 165 166 167
168 169 170 171 172 173 174 175
176 177 178 179 180 181 182 183
184 185 186 187 188 189 190 191
192 193 194 195 196 197 198 199
200 201 202 203 204 205 206 207
208 209 210 211 212 213 214 215
216 217 218 219 220 221 222 223
224 225 226 227 228 229 230 231
232 233 234 235 236 237 238 239
240 241 242 243 244 245 246 247
248 249 250 251 252 253 254 131
######################################
### Die Daten der Lok Nr : 09 ###
===============================================
Lok Na: gelbe Köf
Lok Nr: 
===============================================
Dectype:  1  1  1 
===============================================
Fuk CV: 054 11 |                              |AUX_1
Fuk CV: 056 11 |                              |AUX_2
Fuk CV: 113 11 |                              |AUX_3
Fuk CV: 115 11 |                              |AUX_4
Fuk CV: 117 11 |                              |AUX_5
Fuk CV: 119 11 |                              |AUX_6
Fuk CV: 059 11 |                              |Rangiergang
Fuk CV: 064 11 |                              |Verzögerungs an/aus
===============================================
000 001 002 003 004 005 006 007
008 009 010 011 012 013 014 015
016 017 018 019 020 021 022 023
024 025 026 027 028 029 030 031
032 033 034 035 036 037 038 039
040 041 042 043 044 045 046 047
048 049 050 051 052 053 054 055
056 057 058 059 060 061 062 063
064 065 066 067 068 069 070 071
072 073 074 075 076 077 078 079
080 081 082 083 084 085 086 087
088 089 090 091 092 093 094 095
096 097 098 099 100 101 102 103
104 105 106 107 108 109 110 111
112 113 114 115 116 117 118 119
120 121 122 123 124 125 126 127
128 129 130 131 132 133 134 135
136 137 138 139 140 141 142 143
144 145 146 147 148 149 150 151
152 153 154 155 156 157 158 159
160 161 162 163 164 165 166 167
168 169 170 171 172 173 174 175
176 177 178 179 180 181 182 183
184 185 186 187 188 189 190 191
192 193 194 195 196 197 198 199
200 201 202 203 204 205 206 207
208 209 210 211 212 213 214 215
216 217 218 219 220 221 222 223
224 225 226 227 228 229 230 231
232 233 234 235 236 237 238 239
240 241 242 243 244 245 246 247
248 249 250 251 252 253 254 255
######################################
### Die Daten der Lok Nr : 10 ###
===============================================
Lok Na: Feuerwehr Lok
Lok Nr: 
===============================================
Dectype:  1  1  1 
===============================================
Fuk CV: 054 11 |                         Licht|AUX_1
Fuk CV: 056 11 |                     Blaulicht|AUX_2
Fuk CV: 113 11 |                            an|AUX_3
Fuk CV: 115 11 |                        Hacken|AUX_4
Fuk CV: 117 11 |                   innen Licht|AUX_5
Fuk CV: 119 11 |                 Tatüta Sirene|AUX_6
Fuk CV: 059 11 |                   Rangiergang|Rangiergang
Fuk CV: 064 11 |           Verzögerungs an/aus|Verzögerungs an/aus
===============================================
000 018 001 003 003 200 050 028
123 000 010 011 012 015 014 130
130 000 128 000 020 021 022 023
024 025 026 027 028 002 030 031
032 033 034 035 036 000 000 000
000 041 042 043 044 045 046 047
048 049 032 128 064 032 001 001
001 016 000 008 002 020 255 060
007 065 066 006 008 010 013 016
019 022 026 031 036 042 048 054
060 068 076 084 092 102 112 124
136 152 168 188 208 228 232 095
096 097 098 099 100 101 102 103
104 105 106 107 108 109 110 111
032 003 000 004 000 006 000 010
000 001 016 022 124 125 126 001
000 129 130 131 132 133 134 135
136 137 138 139 140 141 142 143
144 145 146 147 148 149 150 151
152 153 154 155 156 157 158 159
160 161 162 163 164 165 166 167
168 169 170 171 172 173 174 175
176 177 178 179 180 181 182 183
184 185 186 187 188 189 190 191
192 193 194 195 196 197 198 199
200 201 202 203 204 205 206 207
208 209 210 211 212 213 214 215
216 217 218 219 220 221 222 223
224 225 226 227 228 229 230 231
232 233 234 235 236 237 238 239
240 241 242 243 244 245 246 247
248 249 250 251 252 253 254 130
######################################
ENDE##################################
